Solution via 4th Order Runge-Kutta Method.
t_inicial = 0, total steps = 1000, t_final = 50
Stept X Y Z
0 0 0 0.5 0.5
1 0.05 0.191692 0.477893 0.440022
2 0.1 0.300387 0.460577 0.390633
3 0.15 0.360323 0.446769 0.34896
4 0.2 0.39183 0.435485 0.313205
5 0.25 0.406921 0.426023 0.282182
6 0.3 0.412656 0.417892 0.255062
7 0.35 0.413161 0.410757 0.231235
8 0.4 0.410831 0.404385 0.210232
9 0.45 0.407045 0.398612 0.191674
10 0.5 0.402584 0.393323 0.175249
11 0.55 0.397886 0.388433 0.160694
12 0.6 0.393185 0.383877 0.147783
13 0.65 0.388604 0.379607 0.136318
14 0.7 0.384199 0.375582 0.12613
15 0.75 0.37999 0.371771 0.117067
16 0.8 0.375978 0.368147 0.108997
17 0.85 0.372155 0.364689 0.101806
18 0.9 0.368508 0.361378 0.0953894
19 0.95 0.365021 0.358197 0.0896575
20 1 0.361679 0.355133 0.0845307
21 1.05 0.35847 0.352174 0.0799385
22 1.1 0.355379 0.349309 0.0758187
23 1.15 0.352396 0.34653 0.0721167
24 1.2 0.34951 0.343828 0.0687841
25 1.25 0.346711 0.341197 0.0657781
26 1.3 0.343993 0.33863 0.0630612
27 1.35 0.341346 0.336122 0.0606
28 1.4 0.338766 0.333669 0.0583654
29 1.45 0.336247 0.331266 0.0563314
30 1.5 0.333784 0.328909 0.0544753
31 1.55 0.331371 0.326596 0.0527769
32 1.6 0.329007 0.324323 0.0512184
33 1.65 0.326687 0.322088 0.0497842
34 1.7 0.324408 0.319889 0.0484605
35 1.75 0.322167 0.317723 0.047235
36 1.8 0.319963 0.31559 0.0460971
37 1.85 0.317793 0.313486 0.0450372
38 1.9 0.315655 0.311411 0.0440469
39 1.95 0.313548 0.309363 0.0431189
40 2 0.31147 0.307341 0.0422465
41 2.05 0.309419 0.305345 0.0414241
42 2.1 0.307395 0.303373 0.0406465
43 2.15 0.305396 0.301423 0.0399091
44 2.2 0.303422 0.299497 0.0392081
45 2.25 0.301471 0.297592 0.0385399
46 2.3 0.299543 0.295708 0.0379014
47 2.35 0.297636 0.293844 0.0372897
48 2.4 0.295751 0.292001 0.0367025
49 2.45 0.293886 0.290176 0.0361376
50 2.5 0.292041 0.288371 0.0355931
51 2.55 0.290215 0.286583 0.0350672
52 2.6 0.288409 0.284814 0.0345585
53 2.65 0.28662 0.283062 0.0340655
54 2.7 0.28485 0.281327 0.0335871
55 2.75 0.283097 0.279609 0.0331222
56 2.8 0.281361 0.277907 0.0326698
57 2.85 0.279643 0.276221 0.0322292
58 2.9 0.27794 0.274551 0.0317995
59 2.95 0.276254 0.272897 0.03138
60 3 0.274583 0.271257 0.0309701
61 3.05 0.272928 0.269633 0.0305694
62 3.1 0.271288 0.268023 0.0301772
63 3.15 0.269663 0.266428 0.0297931
64 3.2 0.268053 0.264847 0.0294168
65 3.25 0.266457 0.263279 0.0290478
66 3.3 0.264875 0.261726 0.0286859
67 3.35 0.263307 0.260186 0.0283306
68 3.4 0.261753 0.258659 0.0279818
69 3.45 0.260213 0.257145 0.0276392
70 3.5 0.258686 0.255644 0.0273025
71 3.55 0.257171 0.254156 0.0269716
72 3.6 0.25567 0.25268 0.0266462
73 3.65 0.254182 0.251217 0.0263262
74 3.7 0.252706 0.249766 0.0260113
75 3.75 0.251242 0.248327 0.0257015
76 3.8 0.24979 0.246899 0.0253965
77 3.85 0.248351 0.245483 0.0250963
78 3.9 0.246923 0.244079 0.0248007
79 3.95 0.245507 0.242686 0.0245096
80 4 0.244102 0.241304 0.0242229
81 4.05 0.242709 0.239933 0.0239404
82 4.1 0.241327 0.238574 0.0236621
83 4.15 0.239956 0.237224 0.0233879
84 4.2 0.238595 0.235886 0.0231177
85 4.25 0.237246 0.234558 0.0228513
86 4.3 0.235907 0.23324 0.0225888
87 4.35 0.234579 0.231933 0.0223299
88 4.4 0.233261 0.230635 0.0220747
89 4.45 0.231953 0.229348 0.0218231
90 4.5 0.230655 0.22807 0.021575
91 4.55 0.229368 0.226802 0.0213303
92 4.6 0.22809 0.225543 0.021089
93 4.65 0.226821 0.224295 0.020851
94 4.7 0.225563 0.223055 0.0206162
95 4.75 0.224314 0.221825 0.0203846
96 4.8 0.223074 0.220603 0.0201561
97 4.85 0.221843 0.219391 0.0199307
98 4.9 0.220622 0.218188 0.0197083
99 4.95 0.219409 0.216994 0.0194888
100 5 0.218206 0.215808 0.0192723
101 5.05 0.217011 0.214631 0.0190586
102 5.1 0.215825 0.213462 0.0188477
103 5.15 0.214648 0.212302 0.0186396
104 5.2 0.213479 0.21115 0.0184342
105 5.25 0.212319 0.210007 0.0182314
106 5.3 0.211167 0.208871 0.0180313
107 5.35 0.210023 0.207744 0.0178337
108 5.4 0.208887 0.206624 0.0176387
109 5.45 0.20776 0.205513 0.0174462
110 5.5 0.20664 0.204409 0.0172561
111 5.55 0.205528 0.203313 0.0170684
112 5.6 0.204424 0.202224 0.0168832
113 5.65 0.203328 0.201143 0.0167002
114 5.7 0.20224 0.20007 0.0165196
115 5.75 0.201159 0.199004 0.0163412
116 5.8 0.200085 0.197945 0.016165
117 5.85 0.199019 0.196893 0.0159911
118 5.9 0.19796 0.195849 0.0158193
119 5.95 0.196908 0.194812 0.0156496
120 6 0.195863 0.193781 0.015482
121 6.05 0.194826 0.192758 0.0153165
122 6.1 0.193796 0.191742 0.0151531
123 6.15 0.192772 0.190732 0.0149916
124 6.2 0.191755 0.189729 0.0148321
125 6.25 0.190745 0.188732 0.0146745
126 6.3 0.189742 0.187743 0.0145188
127 6.35 0.188746 0.18676 0.0143651
128 6.4 0.187756 0.185783 0.0142132
129 6.45 0.186773 0.184812 0.0140631
130 6.5 0.185796 0.183848 0.0139148
131 6.55 0.184825 0.182891 0.0137683
132 6.6 0.183861 0.181939 0.0136235
133 6.65 0.182903 0.180994 0.0134805
134 6.7 0.181952 0.180054 0.0133391
135 6.75 0.181006 0.179121 0.0131995
136 6.8 0.180067 0.178194 0.0130615
137 6.85 0.179133 0.177273 0.0129251
138 6.9 0.178206 0.176357 0.0127903
139 6.95 0.177284 0.175447 0.0126571
140 7 0.176369 0.174544 0.0125255
141 7.05 0.175459 0.173645 0.0123954
142 7.1 0.174555 0.172753 0.0122668
143 7.15 0.173657 0.171866 0.0121397
144 7.2 0.172764 0.170985 0.0120141
145 7.25 0.171877 0.170109 0.01189
146 7.3 0.170996 0.169238 0.0117672
147 7.35 0.17012 0.168373 0.0116459
148 7.4 0.169249 0.167514 0.011526
149 7.45 0.168384 0.166659 0.0114075
150 7.5 0.167524 0.16581 0.0112903
151 7.55 0.16667 0.164966 0.0111744
152 7.6 0.165821 0.164127 0.0110599
153 7.65 0.164977 0.163294 0.0109467
154 7.7 0.164138 0.162465 0.0108348
155 7.75 0.163304 0.161642 0.0107241
156 7.8 0.162476 0.160823 0.0106147
157 7.85 0.161652 0.16001 0.0105065
158 7.9 0.160833 0.159201 0.0103995
159 7.95 0.16002 0.158398 0.0102938
160 8 0.159211 0.157599 0.0101892
161 8.05 0.158407 0.156804 0.0100858
162 8.1 0.157608 0.156015 0.00998354
163 8.15 0.156814 0.15523 0.00988243
164 8.2 0.156025 0.15445 0.00978245
165 8.25 0.15524 0.153675 0.00968358
166 8.3 0.15446 0.152904 0.0095858
167 8.35 0.153684 0.152138 0.00948911
168 8.4 0.152913 0.151376 0.00939348
169 8.45 0.152147 0.150619 0.00929891
170 8.5 0.151385 0.149866 0.00920539
171 8.55 0.150628 0.149117 0.00911288
172 8.6 0.149875 0.148373 0.0090214
173 8.65 0.149126 0.147634 0.00893091
174 8.7 0.148382 0.146898 0.00884142
175 8.75 0.147642 0.146167 0.0087529
176 8.8 0.146907 0.14544 0.00866535
177 8.85 0.146175 0.144717 0.00857875
178 8.9 0.145448 0.143999 0.00849309
179 8.95 0.144726 0.143284 0.00840836
180 9 0.144007 0.142574 0.00832455
181 9.05 0.143292 0.141868 0.00824164
182 9.1 0.142582 0.141165 0.00815963
183 9.15 0.141876 0.140467 0.0080785
184 9.2 0.141173 0.139773 0.00799824
185 9.25 0.140475 0.139082 0.00791885
186 9.3 0.139781 0.138396 0.00784031
187 9.35 0.13909 0.137714 0.00776261
188 9.4 0.138404 0.137035 0.00768574
189 9.45 0.137721 0.13636 0.00760969
190 9.5 0.137043 0.135689 0.00753445
191 9.55 0.136368 0.135022 0.00746001
192 9.6 0.135697 0.134358 0.00738637
193 9.65 0.135029 0.133698 0.00731351
194 9.7 0.134366 0.133042 0.00724142
195 9.75 0.133706 0.13239 0.00717009
196 9.8 0.13305 0.131741 0.00709952
197 9.85 0.132397 0.131096 0.00702969
198 9.9 0.131748 0.130454 0.0069606
199 9.95 0.131103 0.129816 0.00689223
200 10 0.130461 0.129181 0.00682459
201 10.05 0.129823 0.12855 0.00675765
202 10.1 0.129188 0.127923 0.00669142
203 10.15 0.128557 0.127298 0.00662588
204 10.2 0.12793 0.126678 0.00656103
205 10.25 0.127305 0.12606 0.00649685
206 10.3 0.126685 0.125446 0.00643335
207 10.35 0.126067 0.124836 0.0063705
208 10.4 0.125453 0.124229 0.00630831
209 10.45 0.124843 0.123625 0.00624677
210 10.5 0.124235 0.123024 0.00618586
211 10.55 0.123631 0.122426 0.00612559
212 10.6 0.12303 0.121832 0.00606594
213 10.65 0.122433 0.121241 0.00600691
214 10.7 0.121839 0.120654 0.00594849
215 10.75 0.121248 0.120069 0.00589068
216 10.8 0.12066 0.119488 0.00583345
217 10.85 0.120075 0.118909 0.00577682
218 10.9 0.119494 0.118334 0.00572077
219 10.95 0.118916 0.117762 0.0056653
220 11 0.11834 0.117193 0.0056104
221 11.05 0.117768 0.116627 0.00555606
222 11.1 0.117199 0.116064 0.00550227
223 11.15 0.116633 0.115504 0.00544904
224 11.2 0.11607 0.114947 0.00539635
225 11.25 0.11551 0.114393 0.0053442
226 11.3 0.114953 0.113842 0.00529258
227 11.35 0.114399 0.113294 0.00524149
228 11.4 0.113848 0.112748 0.00519091
229 11.45 0.113299 0.112206 0.00514086
230 11.5 0.112754 0.111666 0.00509131
231 11.55 0.112212 0.11113 0.00504226
232 11.6 0.111672 0.110596 0.00499371
233 11.65 0.111135 0.110065 0.00494565
234 11.7 0.110602 0.109537 0.00489808
235 11.75 0.110071 0.109011 0.00485099
236 11.8 0.109542 0.108489 0.00480437
237 11.85 0.109017 0.107969 0.00475823
238 11.9 0.108494 0.107451 0.00471255
239 11.95 0.107974 0.106937 0.00466733
240 12 0.107457 0.106425 0.00462256
241 12.05 0.106942 0.105916 0.00457825
242 12.1 0.10643 0.105409 0.00453438
243 12.15 0.105921 0.104905 0.00449095
244 12.2 0.105414 0.104404 0.00444796
245 12.25 0.10491 0.103905 0.0044054
246 12.3 0.104409 0.103409 0.00436326
247 12.35 0.10391 0.102916 0.00432155
248 12.4 0.103414 0.102425 0.00428025
249 12.45 0.102921 0.101936 0.00423936
250 12.5 0.10243 0.10145 0.00419888
251 12.55 0.101941 0.100967 0.00415881
252 12.6 0.101455 0.100486 0.00411913
253 12.65 0.100972 0.100007 0.00407985
254 12.7 0.100491 0.0995314 0.00404096
255 12.75 0.100012 0.0990578 0.00400246
256 12.8 0.0995363 0.0985867 0.00396434
257 12.85 0.0990627 0.0981179 0.0039266
258 12.9 0.0985915 0.0976516 0.00388923
259 12.95 0.0981228 0.0971877 0.00385223
260 13 0.0976564 0.0967261 0.0038156
261 13.05 0.0971924 0.0962669 0.00377933
262 13.1 0.0967308 0.09581 0.00374342
263 13.15 0.0962716 0.0953554 0.00370786
264 13.2 0.0958147 0.0949032 0.00367265
265 13.25 0.0953601 0.0944532 0.0036378
266 13.3 0.0949078 0.0940056 0.00360328
267 13.35 0.0944578 0.0935602 0.00356911
268 13.4 0.0940101 0.093117 0.00353527
269 13.45 0.0935647 0.0926761 0.00350176
270 13.5 0.0931216 0.0922375 0.00346859
271 13.55 0.0926806 0.091801 0.00343573
272 13.6 0.092242 0.0913668 0.00340321
273 13.65 0.0918055 0.0909347 0.003371
274 13.7 0.0913712 0.0905049 0.0033391
275 13.75 0.0909391 0.0900771 0.00330752
276 13.8 0.0905092 0.0896516 0.00327625
277 13.85 0.0900815 0.0892282 0.00324528
278 13.9 0.0896559 0.0888069 0.00321462
279 13.95 0.0892324 0.0883877 0.00318426
280 14 0.0888111 0.0879706 0.00315419
281 14.05 0.0883919 0.0875556 0.00312442
282 14.1 0.0879748 0.0871427 0.00309493
283 14.15 0.0875598 0.0867318 0.00306574
284 14.2 0.0871468 0.086323 0.00303682
285 14.25 0.086736 0.0859163 0.00300819
286 14.3 0.0863272 0.0855116 0.00297984
287 14.35 0.0859204 0.0851088 0.00295176
288 14.4 0.0855156 0.0847081 0.00292396
289 14.45 0.0851129 0.0843094 0.00289643
290 14.5 0.0847122 0.0839127 0.00286916
291 14.55 0.0843134 0.0835179 0.00284216
292 14.6 0.0839167 0.0831251 0.00281542
293 14.65 0.0835219 0.0827343 0.00278894
294 14.7 0.0831291 0.0823454 0.00276271
295 14.75 0.0827382 0.0819584 0.00273674
296 14.8 0.0823493 0.0815733 0.00271102
297 14.85 0.0819623 0.0811902 0.00268555
298 14.9 0.0815772 0.0808089 0.00266033
299 14.95 0.081194 0.0804295 0.00263535
300 15 0.0808127 0.080052 0.00261061
301 15.05 0.0804333 0.0796764 0.00258611
302 15.1 0.0800558 0.0793026 0.00256184
303 15.15 0.0796801 0.0789306 0.00253781
304 15.2 0.0793063 0.0785605 0.00251401
305 15.25 0.0789343 0.0781922 0.00249044
306 15.3 0.0785642 0.0778257 0.0024671
307 15.35 0.0781958 0.077461 0.00244398
308 15.4 0.0778293 0.0770981 0.00242108
309 15.45 0.0774646 0.076737 0.00239841
310 15.5 0.0771017 0.0763776 0.00237595
311 15.55 0.0767406 0.0760201 0.0023537
312 15.6 0.0763812 0.0756642 0.00233167
313 15.65 0.0760236 0.0753101 0.00230986
314 15.7 0.0756677 0.0749578 0.00228825
315 15.75 0.0753136 0.0746071 0.00226684
316 15.8 0.0749612 0.0742582 0.00224565
317 15.85 0.0746106 0.073911 0.00222465
318 15.9 0.0742616 0.0735655 0.00220386
319 15.95 0.0739144 0.0732216 0.00218327
320 16 0.0735689 0.0728795 0.00216287
321 16.05 0.073225 0.072539 0.00214267
322 16.1 0.0728828 0.0722001 0.00212266
323 16.15 0.0725423 0.0718629 0.00210284
324 16.2 0.0722034 0.0715274 0.00208321
325 16.25 0.0718662 0.0711935 0.00206377
326 16.3 0.0715307 0.0708612 0.00204451
327 16.35 0.0711967 0.0705305 0.00202544
328 16.4 0.0708644 0.0702014 0.00200655
329 16.45 0.0705337 0.0698739 0.00198784
330 16.5 0.0702046 0.069548 0.0019693
331 16.55 0.0698771 0.0692237 0.00195095
332 16.6 0.0695512 0.0689009 0.00193277
333 16.65 0.0692269 0.0685798 0.00191476
334 16.7 0.0689041 0.0682601 0.00189692
335 16.75 0.0685829 0.067942 0.00187925
336 16.8 0.0682632 0.0676255 0.00186175
337 16.85 0.0679451 0.0673105 0.00184442
338 16.9 0.0676286 0.066997 0.00182725
339 16.95 0.0673135 0.066685 0.00181024
340 17 0.067 0.0663745 0.0017934
341 17.05 0.066688 0.0660655 0.00177671
342 17.1 0.0663775 0.065758 0.00176018
343 17.15 0.0660685 0.065452 0.00174381
344 17.2 0.065761 0.0651475 0.0017276
345 17.25 0.065455 0.0648444 0.00171154
346 17.3 0.0651504 0.0645428 0.00169563
347 17.35 0.0648473 0.0642426 0.00167987
348 17.4 0.0645457 0.0639439 0.00166426
349 17.45 0.0642455 0.0636466 0.0016488
350 17.5 0.0639468 0.0633507 0.00163348
351 17.55 0.0636495 0.0630563 0.00161831
352 17.6 0.0633536 0.0627632 0.00160328
353 17.65 0.0630591 0.0624716 0.00158839
354 17.7 0.0627661 0.0621814 0.00157365
355 17.75 0.0624744 0.0618925 0.00155904
356 17.8 0.0621842 0.0616051 0.00154457
357 17.85 0.0618953 0.061319 0.00153024
358 17.9 0.0616078 0.0610343 0.00151604
359 17.95 0.0613217 0.0607509 0.00150198
360 18 0.061037 0.0604689 0.00148805
361 18.05 0.0607537 0.0601883 0.00147425
362 18.1 0.0604716 0.059909 0.00146058
363 18.15 0.060191 0.059631 0.00144704
364 18.2 0.0599117 0.0593543 0.00143363
365 18.25 0.0596337 0.059079 0.00142034
366 18.3 0.059357 0.058805 0.00140718
367 18.35 0.0590817 0.0585323 0.00139414
368 18.4 0.0588076 0.0582609 0.00138123
369 18.45 0.0585349 0.0579908 0.00136843
370 18.5 0.0582635 0.0577219 0.00135576
371 18.55 0.0579934 0.0574544 0.00134321
372 18.6 0.0577245 0.0571881 0.00133077
373 18.65 0.057457 0.0569231 0.00131845
374 18.7 0.0571907 0.0566593 0.00130624
375 18.75 0.0569256 0.0563969 0.00129416
376 18.8 0.0566619 0.0561356 0.00128218
377 18.85 0.0563994 0.0558756 0.00127032
378 18.9 0.0561381 0.0556168 0.00125856
379 18.95 0.0558781 0.0553593 0.00124692
380 19 0.0556193 0.0551029 0.00123539
381 19.05 0.0553617 0.0548478 0.00122396
382 19.1 0.0551054 0.0545939 0.00121264
383 19.15 0.0548503 0.0543412 0.00120143
384 19.2 0.0545964 0.0540898 0.00119033
385 19.25 0.0543437 0.0538394 0.00117932
386 19.3 0.0540922 0.0535903 0.00116842
387 19.35 0.0538418 0.0533424 0.00115762
388 19.4 0.0535927 0.0530956 0.00114693
389 19.45 0.0533447 0.05285 0.00113633
390 19.5 0.053098 0.0526056 0.00112583
391 19.55 0.0528524 0.0523623 0.00111543
392 19.6 0.0526079 0.0521202 0.00110513
393 19.65 0.0523646 0.0518792 0.00109492
394 19.7 0.0521225 0.0516393 0.00108481
395 19.75 0.0518815 0.0514006 0.0010748
396 19.8 0.0516416 0.051163 0.00106487
397 19.85 0.0514029 0.0509266 0.00105504
398 19.9 0.0511653 0.0506912 0.00104531
399 19.95 0.0509288 0.050457 0.00103566
400 20 0.0506934 0.0502238 0.0010261
401 20.05 0.0504592 0.0499918 0.00101663
402 20.1 0.050226 0.0497608 0.00100725
403 20.15 0.049994 0.049531 0.000997961
404 20.2 0.049763 0.0493022 0.000988755
405 20.25 0.0495332 0.0490745 0.000979635
406 20.3 0.0493044 0.0488479 0.0009706
407 20.35 0.0490767 0.0486223 0.00096165
408 20.4 0.04885 0.0483978 0.000952782
409 20.45 0.0486245 0.0481744 0.000943998
410 20.5 0.0484 0.047952 0.000935295
411 20.55 0.0481765 0.0477307 0.000926673
412 20.6 0.0479541 0.0475104 0.000918131
413 20.65 0.0477328 0.0472911 0.000909669
414 20.7 0.0475124 0.0470728 0.000901286
415 20.75 0.0472932 0.0468556 0.000892981
416 20.8 0.0470749 0.0466394 0.000884753
417 20.85 0.0468577 0.0464243 0.000876601
418 20.9 0.0466415 0.0462101 0.000868526
419 20.95 0.0464263 0.0459969 0.000860525
420 21 0.0462121 0.0457848 0.000852599
421 21.05 0.045999 0.0455736 0.000844746
422 21.1 0.0457868 0.0453634 0.000836967
423 21.15 0.0455756 0.0451542 0.000829259
424 21.2 0.0453654 0.044946 0.000821624
425 21.25 0.0451562 0.0447388 0.000814059
426 21.3 0.044948 0.0445325 0.000806565
427 21.35 0.0447408 0.0443272 0.00079914
428 21.4 0.0445345 0.0441229 0.000791784
429 21.45 0.0443292 0.0439195 0.000784496
430 21.5 0.0441248 0.0437171 0.000777276
431 21.55 0.0439214 0.0435156 0.000770123
432 21.6 0.043719 0.0433151 0.000763037
433 21.65 0.0435175 0.0431155 0.000756016
434 21.7 0.043317 0.0429168 0.00074906
435 21.75 0.0431174 0.0427191 0.000742169
436 21.8 0.0429187 0.0425223 0.000735342
437 21.85 0.0427209 0.0423264 0.000728578
438 21.9 0.0425241 0.0421314 0.000721876
439 21.95 0.0423282 0.0419373 0.000715237
440 22 0.0421332 0.0417442 0.00070866
441 22.05 0.0419392 0.0415519 0.000702143
442 22.1 0.041746 0.0413606 0.000695687
443 22.15 0.0415537 0.0411701 0.00068929
444 22.2 0.0413624 0.0409805 0.000682953
445 22.25 0.0411719 0.0407918 0.000676674
446 22.3 0.0409823 0.040604 0.000670454
447 22.35 0.0407936 0.0404171 0.000664291
448 22.4 0.0406058 0.040231 0.000658185
449 22.45 0.0404188 0.0400458 0.000652136
450 22.5 0.0402328 0.0398615 0.000646143
451 22.55 0.0400476 0.039678 0.000640205
452 22.6 0.0398632 0.0394954 0.000634322
453 22.65 0.0396798 0.0393137 0.000628494
454 22.7 0.0394971 0.0391327 0.000622719
455 22.75 0.0393154 0.0389527 0.000616998
456 22.8 0.0391344 0.0387734 0.00061133
457 22.85 0.0389544 0.038595 0.000605714
458 22.9 0.0387751 0.0384175 0.000600151
459 22.95 0.0385967 0.0382407 0.000594638
460 23 0.0384191 0.0380648 0.000589177
461 23.05 0.0382424 0.0378897 0.000583766
462 23.1 0.0380664 0.0377154 0.000578405
463 23.15 0.0378913 0.0375419 0.000573093
464 23.2 0.037717 0.0373693 0.000567831
465 23.25 0.0375435 0.0371974 0.000562617
466 23.3 0.0373709 0.0370263 0.000557452
467 23.35 0.037199 0.036856 0.000552334
468 23.4 0.0370279 0.0366866 0.000547263
469 23.45 0.0368576 0.0365179 0.00054224
470 23.5 0.0366882 0.03635 0.000537262
471 23.55 0.0365195 0.0361828 0.000532331
472 23.6 0.0363515 0.0360165 0.000527445
473 23.65 0.0361844 0.0358509 0.000522604
474 23.7 0.036018 0.0356861 0.000517808
475 23.75 0.0358525 0.0355221 0.000513056
476 23.8 0.0356876 0.0353588 0.000508348
477 23.85 0.0355236 0.0351963 0.000503684
478 23.9 0.0353603 0.0350345 0.000499062
479 23.95 0.0351978 0.0348735 0.000494483
480 24 0.035036 0.0347132 0.000489947
481 24.05 0.034875 0.0345537 0.000485452
482 24.1 0.0347147 0.0343949 0.000480999
483 24.15 0.0345552 0.0342368 0.000476586
484 24.2 0.0343964 0.0340795 0.000472215
485 24.25 0.0342383 0.0339229 0.000467883
486 24.3 0.034081 0.0337671 0.000463592
487 24.35 0.0339244 0.0336119 0.00045934
488 24.4 0.0337685 0.0334575 0.000455128
489 24.45 0.0336134 0.0333038 0.000450954
490 24.5 0.033459 0.0331508 0.000446819
491 24.55 0.0333052 0.0329985 0.000442721
492 24.6 0.0331522 0.032847 0.000438662
493 24.65 0.033 0.0326961 0.00043464
494 24.7 0.0328484 0.0325459 0.000430655
495 24.75 0.0326975 0.0323964 0.000426706
496 24.8 0.0325473 0.0322476 0.000422794
497 24.85 0.0323978 0.0320996 0.000418919
498 24.9 0.032249 0.0319521 0.000415078
499 24.95 0.0321009 0.0318054 0.000411273
500 25 0.0319535 0.0316594 0.000407504
501 25.05 0.0318068 0.031514 0.000403768
502 25.1 0.0316607 0.0313693 0.000400068
503 25.15 0.0315153 0.0312253 0.000396401
504 25.2 0.0313706 0.0310819 0.000392768
505 25.25 0.0312266 0.0309392 0.000389169
506 25.3 0.0310832 0.0307971 0.000385602
507 25.35 0.0309405 0.0306558 0.000382069
508 25.4 0.0307985 0.030515 0.000378568
509 25.45 0.0306571 0.030375 0.000375099
510 25.5 0.0305163 0.0302355 0.000371662
511 25.55 0.0303763 0.0300967 0.000368257
512 25.6 0.0302368 0.0299586 0.000364883
513 25.65 0.030098 0.0298211 0.00036154
514 25.7 0.0299599 0.0296842 0.000358228
515 25.75 0.0298224 0.029548 0.000354946
516 25.8 0.0296855 0.0294124 0.000351694
517 25.85 0.0295493 0.0292774 0.000348473
518 25.9 0.0294136 0.029143 0.000345281
519 25.95 0.0292787 0.0290093 0.000342118
520 26 0.0291443 0.0288762 0.000338985
521 26.05 0.0290105 0.0287437 0.00033588
522 26.1 0.0288774 0.0286118 0.000332803
523 26.15 0.0287449 0.0284805 0.000329756
524 26.2 0.028613 0.0283498 0.000326736
525 26.25 0.0284817 0.0282198 0.000323743
526 26.3 0.028351 0.0280903 0.000320779
527 26.35 0.028221 0.0279614 0.000317841
528 26.4 0.0280915 0.0278331 0.000314931
529 26.45 0.0279626 0.0277055 0.000312047
530 26.5 0.0278343 0.0275784 0.00030919
531 26.55 0.0277066 0.0274518 0.000306359
532 26.6 0.0275795 0.0273259 0.000303554
533 26.65 0.027453 0.0272006 0.000300775
534 26.7 0.0273271 0.0270758 0.000298021
535 26.75 0.0272017 0.0269516 0.000295293
536 26.8 0.027077 0.026828 0.000292589
537 26.85 0.0269528 0.0267049 0.000289911
538 26.9 0.0268291 0.0265825 0.000287257
539 26.95 0.0267061 0.0264606 0.000284627
540 27 0.0265836 0.0263392 0.000282022
541 27.05 0.0264617 0.0262184 0.000279441
542 27.1 0.0263403 0.0260982 0.000276883
543 27.15 0.0262195 0.0259785 0.000274348
544 27.2 0.0260993 0.0258594 0.000271837
545 27.25 0.0259796 0.0257408 0.000269349
546 27.3 0.0258605 0.0256227 0.000266884
547 27.35 0.0257419 0.0255053 0.000264442
548 27.4 0.0256238 0.0253883 0.000262022
549 27.45 0.0255063 0.0252719 0.000259624
550 27.5 0.0253894 0.025156 0.000257248
551 27.55 0.025273 0.0250407 0.000254894
552 27.6 0.0251571 0.0249259 0.000252562
553 27.65 0.0250418 0.0248116 0.00025025
554 27.7 0.0249269 0.0246978 0.000247961
555 27.75 0.0248127 0.0245846 0.000245692
556 27.8 0.0246989 0.0244719 0.000243444
557 27.85 0.0245857 0.0243597 0.000241216
558 27.9 0.024473 0.0242481 0.000239009
559 27.95 0.0243608 0.0241369 0.000236823
560 28 0.0242491 0.0240263 0.000234656
561 28.05 0.0241379 0.0239161 0.000232509
562 28.1 0.0240273 0.0238065 0.000230382
563 28.15 0.0239171 0.0236974 0.000228274
564 28.2 0.0238075 0.0235888 0.000226186
565 28.25 0.0236984 0.0234806 0.000224117
566 28.3 0.0235898 0.023373 0.000222067
567 28.35 0.0234816 0.0232659 0.000220036
568 28.4 0.023374 0.0231593 0.000218023
569 28.45 0.0232669 0.0230531 0.000216029
570 28.5 0.0231602 0.0229475 0.000214053
571 28.55 0.0230541 0.0228423 0.000212095
572 28.6 0.0229484 0.0227376 0.000210155
573 28.65 0.0228433 0.0226334 0.000208233
574 28.7 0.0227386 0.0225297 0.000206328
575 28.75 0.0226344 0.0224264 0.000204441
576 28.8 0.0225307 0.0223237 0.000202571
577 28.85 0.0224274 0.0222214 0.000200719
578 28.9 0.0223246 0.0221196 0.000198883
579 28.95 0.0222223 0.0220182 0.000197064
580 29 0.0221205 0.0219173 0.000195262
581 29.05 0.0220191 0.0218169 0.000193476
582 29.1 0.0219182 0.0217169 0.000191707
583 29.15 0.0218178 0.0216174 0.000189954
584 29.2 0.0217178 0.0215184 0.000188217
585 29.25 0.0216183 0.0214198 0.000186496
586 29.3 0.0215193 0.0213216 0.000184791
587 29.35 0.0214207 0.0212239 0.000183101
588 29.4 0.0213225 0.0211267 0.000181427
589 29.45 0.0212248 0.0210299 0.000179768
590 29.5 0.0211276 0.0209336 0.000178124
591 29.55 0.0210308 0.0208377 0.000176496
592 29.6 0.0209345 0.0207422 0.000174882
593 29.65 0.0208385 0.0206472 0.000173283
594 29.7 0.0207431 0.0205526 0.000171699
595 29.75 0.0206481 0.0204584 0.000170129
596 29.8 0.0205535 0.0203647 0.000168574
597 29.85 0.0204593 0.0202714 0.000167033
598 29.9 0.0203656 0.0201786 0.000165506
599 29.95 0.0202723 0.0200861 0.000163993
600 30 0.0201794 0.0199941 0.000162493
601 30.05 0.020087 0.0199025 0.000161008
602 30.1 0.019995 0.0198114 0.000159536
603 30.15 0.0199034 0.0197206 0.000158078
604 30.2 0.0198122 0.0196303 0.000156633
605 30.25 0.0197215 0.0195404 0.000155201
606 30.3 0.0196311 0.0194509 0.000153782
607 30.35 0.0195412 0.0193618 0.000152377
608 30.4 0.0194517 0.0192731 0.000150984
609 30.45 0.0193626 0.0191849 0.000149604
610 30.5 0.0192739 0.019097 0.000148236
611 30.55 0.0191857 0.0190095 0.000146882
612 30.6 0.0190978 0.0189225 0.000145539
613 30.65 0.0190103 0.0188358 0.000144209
614 30.7 0.0189233 0.0187495 0.000142891
615 30.75 0.0188366 0.0186637 0.000141585
616 30.8 0.0187503 0.0185782 0.000140291
617 30.85 0.0186645 0.0184931 0.000139009
618 30.9 0.018579 0.0184084 0.000137738
619 30.95 0.0184939 0.0183241 0.000136479
620 31 0.0184092 0.0182402 0.000135232
621 31.05 0.0183249 0.0181567 0.000133996
622 31.1 0.018241 0.0180735 0.000132772
623 31.15 0.0181575 0.0179908 0.000131558
624 31.2 0.0180743 0.0179084 0.000130356
625 31.25 0.0179915 0.0178264 0.000129165
626 31.3 0.0179092 0.0177448 0.000127985
627 31.35 0.0178271 0.0176635 0.000126815
628 31.4 0.0177455 0.0175826 0.000125656
629 31.45 0.0176643 0.0175021 0.000124508
630 31.5 0.0175834 0.017422 0.00012337
631 31.55 0.0175029 0.0173422 0.000122243
632 31.6 0.0174227 0.0172628 0.000121126
633 31.65 0.0173429 0.0171838 0.000120019
634 31.7 0.0172635 0.0171051 0.000118922
635 31.75 0.0171845 0.0170268 0.000117836
636 31.8 0.0171058 0.0169488 0.000116759
637 31.85 0.0170275 0.0168712 0.000115692
638 31.9 0.0169495 0.016794 0.000114635
639 31.95 0.0168719 0.0167171 0.000113588
640 32 0.0167947 0.0166405 0.00011255
641 32.05 0.0167178 0.0165643 0.000111522
642 32.1 0.0166412 0.0164885 0.000110503
643 32.15 0.0165651 0.016413 0.000109493
644 32.2 0.0164892 0.0163379 0.000108493
645 32.25 0.0164137 0.0162631 0.000107502
646 32.3 0.0163386 0.0161886 0.000106519
647 32.35 0.0162638 0.0161145 0.000105546
648 32.4 0.0161893 0.0160407 0.000104582
649 32.45 0.0161152 0.0159673 0.000103627
650 32.5 0.0160414 0.0158942 0.00010268
651 32.55 0.015968 0.0158215 0.000101742
652 32.6 0.0158949 0.015749 0.000100812
653 32.65 0.0158221 0.0156769 9.98915e-05
654 32.7 0.0157497 0.0156052 9.89789e-05
655 32.75 0.0156776 0.0155337 9.80747e-05
656 32.8 0.0156058 0.0154626 9.71788e-05
657 32.85 0.0155344 0.0153918 9.62911e-05
658 32.9 0.0154633 0.0153214 9.54114e-05
659 32.95 0.0153925 0.0152513 9.45399e-05
660 33 0.015322 0.0151814 9.36763e-05
661 33.05 0.0152519 0.0151119 9.28206e-05
662 33.1 0.0151821 0.0150428 9.19727e-05
663 33.15 0.0151126 0.0149739 9.11326e-05
664 33.2 0.0150434 0.0149054 9.03001e-05
665 33.25 0.0149746 0.0148371 8.94753e-05
666 33.3 0.014906 0.0147692 8.8658e-05
667 33.35 0.0148378 0.0147016 8.78482e-05
668 33.4 0.0147699 0.0146343 8.70457e-05
669 33.45 0.0147023 0.0145674 8.62507e-05
670 33.5 0.014635 0.0145007 8.54628e-05
671 33.55 0.014568 0.0144343 8.46822e-05
672 33.6 0.0145013 0.0143682 8.39088e-05
673 33.65 0.0144349 0.0143025 8.31424e-05
674 33.7 0.0143689 0.014237 8.2383e-05
675 33.75 0.0143031 0.0141719 8.16305e-05
676 33.8 0.0142376 0.014107 8.08849e-05
677 33.85 0.0141725 0.0140424 8.01462e-05
678 33.9 0.0141076 0.0139782 7.94142e-05
679 33.95 0.014043 0.0139142 7.86889e-05
680 34 0.0139788 0.0138505 7.79702e-05
681 34.05 0.0139148 0.0137871 7.72581e-05
682 34.1 0.0138511 0.013724 7.65525e-05
683 34.15 0.0137877 0.0136612 7.58533e-05
684 34.2 0.0137246 0.0135987 7.51605e-05
685 34.25 0.0136618 0.0135364 7.44741e-05
686 34.3 0.0135993 0.0134745 7.3794e-05
687 34.35 0.013537 0.0134128 7.312e-05
688 34.4 0.0134751 0.0133514 7.24522e-05
689 34.45 0.0134134 0.0132903 7.17906e-05
690 34.5 0.013352 0.0132295 7.11349e-05
691 34.55 0.0132909 0.013169 7.04853e-05
692 34.6 0.0132301 0.0131087 6.98416e-05
693 34.65 0.0131695 0.0130487 6.92038e-05
694 34.7 0.0131093 0.012989 6.85718e-05
695 34.75 0.0130493 0.0129296 6.79456e-05
696 34.8 0.0129896 0.0128704 6.73251e-05
697 34.85 0.0129301 0.0128115 6.67103e-05
698 34.9 0.0128709 0.0127529 6.61011e-05
699 34.95 0.012812 0.0126945 6.54974e-05
700 35 0.0127534 0.0126364 6.48993e-05
701 35.05 0.012695 0.0125786 6.43067e-05
702 35.1 0.0126369 0.012521 6.37194e-05
703 35.15 0.0125791 0.0124637 6.31376e-05
704 35.2 0.0125216 0.0124067 6.2561e-05
705 35.25 0.0124643 0.0123499 6.19897e-05
706 35.3 0.0124072 0.0122934 6.14237e-05
707 35.35 0.0123504 0.0122372 6.08628e-05
708 35.4 0.0122939 0.0121812 6.0307e-05
709 35.45 0.0122377 0.0121254 5.97563e-05
710 35.5 0.0121817 0.0120699 5.92107e-05
711 35.55 0.0121259 0.0120147 5.867e-05
712 35.6 0.0120704 0.0119597 5.81343e-05
713 35.65 0.0120152 0.011905 5.76034e-05
714 35.7 0.0119602 0.0118505 5.70774e-05
715 35.75 0.0119055 0.0117963 5.65563e-05
716 35.8 0.011851 0.0117423 5.60398e-05
717 35.85 0.0117968 0.0116886 5.55281e-05
718 35.9 0.0117428 0.0116351 5.50211e-05
719 35.95 0.0116891 0.0115819 5.45187e-05
720 36 0.0116356 0.0115289 5.40209e-05
721 36.05 0.0115824 0.0114761 5.35277e-05
722 36.1 0.0115294 0.0114236 5.30389e-05
723 36.15 0.0114766 0.0113713 5.25546e-05
724 36.2 0.0114241 0.0113193 5.20748e-05
725 36.25 0.0113718 0.0112675 5.15993e-05
726 36.3 0.0113198 0.011216 5.11282e-05
727 36.35 0.011268 0.0111646 5.06614e-05
728 36.4 0.0112164 0.0111136 5.01988e-05
729 36.45 0.0111651 0.0110627 4.97405e-05
730 36.5 0.011114 0.0110121 4.92863e-05
731 36.55 0.0110632 0.0109617 4.88363e-05
732 36.6 0.0110126 0.0109116 4.83904e-05
733 36.65 0.0109622 0.0108616 4.79486e-05
734 36.7 0.010912 0.0108119 4.75108e-05
735 36.75 0.0108621 0.0107625 4.70771e-05
736 36.8 0.0108124 0.0107132 4.66472e-05
737 36.85 0.0107629 0.0106642 4.62213e-05
738 36.9 0.0107137 0.0106154 4.57993e-05
739 36.95 0.0106647 0.0105669 4.53812e-05
740 37 0.0106159 0.0105185 4.49669e-05
741 37.05 0.0105673 0.0104704 4.45563e-05
742 37.1 0.010519 0.0104225 4.41495e-05
743 37.15 0.0104708 0.0103748 4.37465e-05
744 37.2 0.0104229 0.0103273 4.33471e-05
745 37.25 0.0103752 0.0102801 4.29513e-05
746 37.3 0.0103278 0.010233 4.25592e-05
747 37.35 0.0102805 0.0101862 4.21706e-05
748 37.4 0.0102335 0.0101396 4.17856e-05
749 37.45 0.0101867 0.0100932 4.14042e-05
750 37.5 0.0101401 0.0100471 4.10262e-05
751 37.55 0.0100937 0.0100011 4.06516e-05
752 37.6 0.0100475 0.00995534 4.02805e-05
753 37.65 0.0100015 0.00990979 3.99127e-05
754 37.7 0.00995576 0.00986445 3.95484e-05
755 37.75 0.00991021 0.00981932 3.91873e-05
756 37.8 0.00986487 0.0097744 3.88296e-05
757 37.85 0.00981974 0.00972968 3.84751e-05
758 37.9 0.00977481 0.00968517 3.81238e-05
759 37.95 0.0097301 0.00964086 3.77758e-05
760 38 0.00968558 0.00959676 3.74309e-05
761 38.05 0.00964127 0.00955285 3.70892e-05
762 38.1 0.00959716 0.00950915 3.67506e-05
763 38.15 0.00955326 0.00946565 3.64151e-05
764 38.2 0.00950955 0.00942234 3.60827e-05
765 38.25 0.00946605 0.00937924 3.57533e-05
766 38.3 0.00942274 0.00933633 3.54269e-05
767 38.35 0.00937963 0.00929362 3.51035e-05
768 38.4 0.00933672 0.0092511 3.4783e-05
769 38.45 0.00929401 0.00920878 3.44655e-05
770 38.5 0.00925149 0.00916665 3.41509e-05
771 38.55 0.00920917 0.00912472 3.38391e-05
772 38.6 0.00916704 0.00908297 3.35302e-05
773 38.65 0.0091251 0.00904142 3.32241e-05
774 38.7 0.00908336 0.00900006 3.29208e-05
775 38.75 0.0090418 0.00895889 3.26203e-05
776 38.8 0.00900044 0.0089179 3.23225e-05
777 38.85 0.00895927 0.00887711 3.20275e-05
778 38.9 0.00891828 0.0088365 3.17351e-05
779 38.95 0.00887748 0.00879607 3.14454e-05
780 39 0.00883687 0.00875584 3.11583e-05
781 39.05 0.00879645 0.00871578 3.08739e-05
782 39.1 0.00875621 0.00867591 3.05921e-05
783 39.15 0.00871615 0.00863622 3.03128e-05
784 39.2 0.00867628 0.00859672 3.00361e-05
785 39.25 0.00863659 0.00855739 2.97619e-05
786 39.3 0.00859708 0.00851824 2.94903e-05
787 39.35 0.00855775 0.00847928 2.92211e-05
788 39.4 0.0085186 0.00844049 2.89543e-05
789 39.45 0.00847964 0.00840188 2.869e-05
790 39.5 0.00844085 0.00836344 2.84281e-05
791 39.55 0.00840223 0.00832518 2.81686e-05
792 39.6 0.0083638 0.0082871 2.79115e-05
793 39.65 0.00832554 0.00824919 2.76567e-05
794 39.7 0.00828745 0.00821146 2.74043e-05
795 39.75 0.00824954 0.00817389 2.71541e-05
796 39.8 0.0082118 0.0081365 2.69062e-05
797 39.85 0.00817424 0.00809928 2.66606e-05
798 39.9 0.00813685 0.00806224 2.64173e-05
799 39.95 0.00809963 0.00802536 2.61761e-05
800 40 0.00806258 0.00798864 2.59372e-05
801 40.05 0.0080257 0.0079521 2.57005e-05
802 40.1 0.00798898 0.00791573 2.54659e-05
803 40.15 0.00795244 0.00787952 2.52334e-05
804 40.2 0.00791606 0.00784347 2.50031e-05
805 40.25 0.00787985 0.0078076 2.47749e-05
806 40.3 0.00784381 0.00777188 2.45487e-05
807 40.35 0.00780793 0.00773633 2.43246e-05
808 40.4 0.00777221 0.00770094 2.41026e-05
809 40.45 0.00773666 0.00766572 2.38826e-05
810 40.5 0.00770127 0.00763065 2.36646e-05
811 40.55 0.00766604 0.00759575 2.34486e-05
812 40.6 0.00763097 0.007561 2.32346e-05
813 40.65 0.00759607 0.00752642 2.30225e-05
814 40.7 0.00756132 0.00749199 2.28124e-05
815 40.75 0.00752673 0.00745772 2.26041e-05
816 40.8 0.00749231 0.00742361 2.23978e-05
817 40.85 0.00745803 0.00738965 2.21934e-05
818 40.9 0.00742392 0.00735585 2.19908e-05
819 40.95 0.00738996 0.0073222 2.17901e-05
820 41 0.00735616 0.00728871 2.15912e-05
821 41.05 0.00732251 0.00725537 2.13941e-05
822 41.1 0.00728902 0.00722218 2.11988e-05
823 41.15 0.00725567 0.00718914 2.10053e-05
824 41.2 0.00722249 0.00715626 2.08136e-05
825 41.25 0.00718945 0.00712353 2.06236e-05
826 41.3 0.00715656 0.00709094 2.04354e-05
827 41.35 0.00712383 0.00705851 2.02489e-05
828 41.4 0.00709124 0.00702622 2.0064e-05
829 41.45 0.00705881 0.00699408 1.98809e-05
830 41.5 0.00702652 0.00696209 1.96995e-05
831 41.55 0.00699438 0.00693025 1.95197e-05
832 41.6 0.00696239 0.00689855 1.93415e-05
833 41.65 0.00693054 0.00686699 1.9165e-05
834 41.7 0.00689884 0.00683558 1.899e-05
835 41.75 0.00686728 0.00680432 1.88167e-05
836 41.8 0.00683587 0.00677319 1.8645e-05
837 41.85 0.00680461 0.00674221 1.84748e-05
838 41.9 0.00677348 0.00671137 1.83062e-05
839 41.95 0.0067425 0.00668068 1.81391e-05
840 42 0.00671166 0.00665012 1.79735e-05
841 42.05 0.00668096 0.0066197 1.78095e-05
842 42.1 0.0066504 0.00658942 1.76469e-05
843 42.15 0.00661998 0.00655928 1.74858e-05
844 42.2 0.0065897 0.00652928 1.73262e-05
845 42.25 0.00655956 0.00649942 1.71681e-05
846 42.3 0.00652956 0.00646969 1.70114e-05
847 42.35 0.00649969 0.0064401 1.68561e-05
848 42.4 0.00646996 0.00641064 1.67023e-05
849 42.45 0.00644037 0.00638132 1.65499e-05
850 42.5 0.00641091 0.00635213 1.63988e-05
851 42.55 0.00638159 0.00632308 1.62491e-05
852 42.6 0.0063524 0.00629416 1.61008e-05
853 42.65 0.00632334 0.00626537 1.59539e-05
854 42.7 0.00629442 0.00623671 1.58083e-05
855 42.75 0.00626563 0.00620818 1.5664e-05
856 42.8 0.00623697 0.00617979 1.5521e-05
857 42.85 0.00620845 0.00615152 1.53794e-05
858 42.9 0.00618005 0.00612339 1.5239e-05
859 42.95 0.00615178 0.00609538 1.50999e-05
860 43 0.00612365 0.0060675 1.49621e-05
861 43.05 0.00609564 0.00603975 1.48255e-05
862 43.1 0.00606776 0.00601212 1.46902e-05
863 43.15 0.00604 0.00598462 1.45561e-05
864 43.2 0.00601238 0.00595725 1.44233e-05
865 43.25 0.00598488 0.00593 1.42917e-05
866 43.3 0.0059575 0.00590288 1.41612e-05
867 43.35 0.00593026 0.00587588 1.4032e-05
868 43.4 0.00590313 0.00584901 1.39039e-05
869 43.45 0.00587613 0.00582226 1.3777e-05
870 43.5 0.00584926 0.00579563 1.36513e-05
871 43.55 0.0058225 0.00576912 1.35267e-05
872 43.6 0.00579587 0.00574273 1.34032e-05
873 43.65 0.00576936 0.00571647 1.32809e-05
874 43.7 0.00574297 0.00569032 1.31597e-05
875 43.75 0.00571671 0.00566429 1.30396e-05
876 43.8 0.00569056 0.00563839 1.29206e-05
877 43.85 0.00566453 0.0056126 1.28026e-05
878 43.9 0.00563862 0.00558693 1.26858e-05
879 43.95 0.00561283 0.00556137 1.257e-05
880 44 0.00558716 0.00553594 1.24553e-05
881 44.05 0.00556161 0.00551062 1.23416e-05
882 44.1 0.00553617 0.00548541 1.2229e-05
883 44.15 0.00551085 0.00546032 1.21174e-05
884 44.2 0.00548565 0.00543535 1.20068e-05
885 44.25 0.00546056 0.00541049 1.18972e-05
886 44.3 0.00543558 0.00538574 1.17886e-05
887 44.35 0.00541072 0.00536111 1.1681e-05
888 44.4 0.00538597 0.00533659 1.15744e-05
889 44.45 0.00536134 0.00531218 1.14688e-05
890 44.5 0.00533682 0.00528789 1.13641e-05
891 44.55 0.00531241 0.0052637 1.12604e-05
892 44.6 0.00528811 0.00523963 1.11576e-05
893 44.65 0.00526393 0.00521566 1.10558e-05
894 44.7 0.00523985 0.00519181 1.09549e-05
895 44.75 0.00521588 0.00516806 1.08549e-05
896 44.8 0.00519203 0.00514443 1.07559e-05
897 44.85 0.00516828 0.0051209 1.06577e-05
898 44.9 0.00514464 0.00509748 1.05604e-05
899 44.95 0.00512111 0.00507416 1.0464e-05
900 45 0.00509769 0.00505095 1.03685e-05
901 45.05 0.00507438 0.00502785 1.02739e-05
902 45.1 0.00505117 0.00500486 1.01802e-05
903 45.15 0.00502807 0.00498197 1.00872e-05
904 45.2 0.00500507 0.00495918 9.99519e-06
905 45.25 0.00498218 0.0049365 9.90397e-06
906 45.3 0.00495939 0.00491392 9.81358e-06
907 45.35 0.00493671 0.00489145 9.72402e-06
908 45.4 0.00491413 0.00486908 9.63527e-06
909 45.45 0.00489166 0.00484681 9.54734e-06
910 45.5 0.00486928 0.00482464 9.4602e-06
911 45.55 0.00484701 0.00480257 9.37387e-06
912 45.6 0.00482484 0.00478061 9.28832e-06
913 45.65 0.00480278 0.00475874 9.20355e-06
914 45.7 0.00478081 0.00473698 9.11955e-06
915 45.75 0.00475895 0.00471532 9.03633e-06
916 45.8 0.00473718 0.00469375 8.95386e-06
917 45.85 0.00471551 0.00467228 8.87214e-06
918 45.9 0.00469395 0.00465091 8.79117e-06
919 45.95 0.00467248 0.00462964 8.71094e-06
920 46 0.00465111 0.00460847 8.63144e-06
921 46.05 0.00462984 0.00458739 8.55267e-06
922 46.1 0.00460866 0.00456641 8.47462e-06
923 46.15 0.00458758 0.00454553 8.39728e-06
924 46.2 0.0045666 0.00452474 8.32064e-06
925 46.25 0.00454572 0.00450404 8.2447e-06
926 46.3 0.00452493 0.00448344 8.16946e-06
927 46.35 0.00450423 0.00446294 8.0949e-06
928 46.4 0.00448363 0.00444253 8.02103e-06
929 46.45 0.00446313 0.00442221 7.94783e-06
930 46.5 0.00444271 0.00440198 7.87529e-06
931 46.55 0.0044224 0.00438185 7.80342e-06
932 46.6 0.00440217 0.00436181 7.73221e-06
933 46.65 0.00438204 0.00434186 7.66164e-06
934 46.7 0.00436199 0.004322 7.59172e-06
935 46.75 0.00434204 0.00430224 7.52244e-06
936 46.8 0.00432219 0.00428256 7.45378e-06
937 46.85 0.00430242 0.00426297 7.38576e-06
938 46.9 0.00428274 0.00424348 7.31836e-06
939 46.95 0.00426315 0.00422407 7.25157e-06
940 47 0.00424366 0.00420475 7.18539e-06
941 47.05 0.00422425 0.00418552 7.11981e-06
942 47.1 0.00420493 0.00416638 7.05484e-06
943 47.15 0.0041857 0.00414732 6.99046e-06
944 47.2 0.00416655 0.00412836 6.92666e-06
945 47.25 0.0041475 0.00410947 6.86345e-06
946 47.3 0.00412853 0.00409068 6.80081e-06
947 47.35 0.00410965 0.00407197 6.73874e-06
948 47.4 0.00409085 0.00405335 6.67725e-06
949 47.45 0.00407214 0.00403481 6.61631e-06
950 47.5 0.00405352 0.00401636 6.55593e-06
951 47.55 0.00403498 0.00399799 6.4961e-06
952 47.6 0.00401653 0.0039797 6.43681e-06
953 47.65 0.00399816 0.0039615 6.37807e-06
954 47.7 0.00397987 0.00394339 6.31987e-06
955 47.75 0.00396167 0.00392535 6.26219e-06
956 47.8 0.00394355 0.0039074 6.20504e-06
957 47.85 0.00392552 0.00388953 6.14841e-06
958 47.9 0.00390756 0.00387174 6.0923e-06
959 47.95 0.00388969 0.00385403 6.0367e-06
960 48 0.0038719 0.00383641 5.98161e-06
961 48.05 0.0038542 0.00381886 5.92703e-06
962 48.1 0.00383657 0.0038014 5.87294e-06
963 48.15 0.00381902 0.00378401 5.81934e-06
964 48.2 0.00380156 0.0037667 5.76623e-06
965 48.25 0.00378417 0.00374948 5.71361e-06
966 48.3 0.00376686 0.00373233 5.66147e-06
967 48.35 0.00374964 0.00371526 5.6098e-06
968 48.4 0.00373249 0.00369827 5.55861e-06
969 48.45 0.00371542 0.00368135 5.50788e-06
970 48.5 0.00369842 0.00366452 5.45761e-06
971 48.55 0.00368151 0.00364776 5.40781e-06
972 48.6 0.00366467 0.00363108 5.35846e-06
973 48.65 0.00364791 0.00361447 5.30955e-06
974 48.7 0.00363123 0.00359794 5.2611e-06
975 48.75 0.00361462 0.00358148 5.21309e-06
976 48.8 0.00359809 0.0035651 5.16551e-06
977 48.85 0.00358164 0.0035488 5.11837e-06
978 48.9 0.00356526 0.00353257 5.07166e-06
979 48.95 0.00354895 0.00351641 5.02538e-06
980 49 0.00353272 0.00350033 4.97952e-06
981 49.05 0.00351656 0.00348432 4.93408e-06
982 49.1 0.00350048 0.00346839 4.88905e-06
983 49.15 0.00348447 0.00345253 4.84443e-06
984 49.2 0.00346854 0.00343674 4.80022e-06
985 49.25 0.00345267 0.00342102 4.75641e-06
986 49.3 0.00343688 0.00340537 4.71301e-06
987 49.35 0.00342116 0.0033898 4.67e-06
988 49.4 0.00340552 0.0033743 4.62738e-06
989 49.45 0.00338994 0.00335886 4.58515e-06
990 49.5 0.00337444 0.0033435 4.54331e-06
991 49.55 0.00335901 0.00332821 4.50185e-06
992 49.6 0.00334364 0.00331299 4.46076e-06
993 49.65 0.00332835 0.00329784 4.42005e-06
994 49.7 0.00331313 0.00328276 4.37972e-06
995 49.75 0.00329798 0.00326774 4.33975e-06
996 49.8 0.0032829 0.0032528 4.30015e-06
997 49.85 0.00326788 0.00323792 4.2609e-06
998 49.9 0.00325294 0.00322311 4.22202e-06
999 49.95 0.00323806 0.00320837 4.18349e-06
1000 50 0.00322325 0.0031937 4.14531e-06
